[map]
lat=52.5162208639307
level=8
lon=13.4033203125
usage=false
